              precision    recall  f1-score   support

         MT3     0.6918    0.7333    0.7120       450
         ST3     0.8480    0.9178    0.8815       450
          T0     0.6309    0.5356    0.5793       450
          T1     0.9784    0.7904    0.8744       229
          T2     0.4300    0.8269    0.5658        52
        VST3     0.8280    0.7624    0.7938       101
         WT3     0.6943    0.7067    0.7004       450

    accuracy                         0.7346      2182
   macro avg     0.7288    0.7533    0.7296      2182
weighted avg     0.7421    0.7346    0.7346      2182
