              precision    recall  f1-score   support

         MT3     0.8209    0.8044    0.8126       450
         ST3     0.8842    0.9333    0.9081       450
          T0     0.9646    0.9689    0.9667       450
          T1     0.9956    0.9956    0.9956       229
          T2     0.9804    0.9615    0.9709        52
        VST3     0.9899    0.9703    0.9800       101
         WT3     0.9172    0.8867    0.9017       450

    accuracy                         0.9134      2182
   macro avg     0.9361    0.9315    0.9337      2182
weighted avg     0.9134    0.9134    0.9132      2182
