              precision    recall  f1-score   support

         MT3     0.6044    0.6111    0.6077       450
         ST3     0.8067    0.8533    0.8294       450
          T0     0.9733    0.9733    0.9733       450
          T1     0.9913    1.0000    0.9957       229
          T2     0.9792    0.9038    0.9400        52
        VST3     0.9143    0.9505    0.9320       101
         WT3     0.7602    0.7044    0.7313       450

    accuracy                         0.8185      2182
   macro avg     0.8613    0.8567    0.8585      2182
weighted avg     0.8182    0.8185    0.8180      2182
